PC1	PC2	PC3	PC4	PC5	PC6	PC7	PC8	PC9
15C_A_Sym	0.379197977316838	0.0381083867760157	-0.111862690541183	0.06860412809102	-0.0657401319719158	0.176973424589921	-0.687199923742248	0.467483318060308	-0.333333333333332
15C_B_Sym	0.533998710834393	0.225552608536882	-0.0836609281577325	0.0208764898308258	0.0845952554731462	-0.0567089124786844	0.666652946109287	0.301043018871321	-0.333333333333334
15C_C_Sym	0.390378635731084	0.082247036972886	-0.112318877197659	0.0491281385993474	-0.0235659732507782	0.0744258360517278	-0.138564934008528	-0.830304118550296	-0.333333333333334
25C_D_Sym	-0.297911474213147	-0.37336544559122	-0.426049764688255	0.511258857683112	0.461813270909637	-0.0259611743881505	0.0592692929642194	0.0193270809177548	-0.333333333333333
25C_E_Sym	-0.295337114686637	0.0417359764933894	-0.45945410264533	-0.766139828474094	0.0259880909303615	0.0272726112007585	0.0142486314768476	0.0152471945219221	-0.333333333333333
25C_F_Sym	-0.466138982395913	0.724498943597558	0.0869191456483297	0.305847229069526	-0.211245956519373	0.0298568249531359	-0.00906520728635496	0.00294807918127285	-0.333333333333333
32C_G_Sym	-0.0215515436934357	-0.0845480872823523	0.410587221991294	-0.123286697805478	0.167179553253131	-0.803298791601736	-0.155735900765708	0.00171512969604763	-0.333333333333334
32C_H_Sym	-0.102655740114246	-0.490990247652343	0.0677217389795601	0.0955978462545662	-0.769546009459374	0.0188974055645925	0.173825215134178	0.0279410889817472	-0.333333333333333
32C_I_Sym	-0.119980468778935	-0.163239171850817	0.628118256610974	-0.161886163248825	0.330521900635162	0.558542776108435	0.0765698801183042	-0.00540079168007417	-0.333333333333334
