PC1	PC2	PC3	PC4	PC5	PC6	PC7	PC8	PC9
15C_A	-0.490173166483187	-0.296799611465852	0.726358618579193	0.111596057508818	-0.107408169813693	0.0458488263246315	-0.0407259652328732	-0.0719818691369261	0.333333333333334
15C_B	-0.54439627290734	0.121934680135732	-0.542760303323818	-0.0355147936853161	-0.0654257008181531	0.205480778529637	-0.203621323145031	-0.440271458724029	0.333333333333332
15C_C	-0.341436699973292	-0.0631328350838228	-0.26588346093695	-0.0886689077320546	0.161326167790972	-0.352141265230116	0.385588664678677	0.625347665315571	0.333333333333334
25C_D	0.265237337036412	-0.340718770139546	-0.0217138873561397	-0.0154672668972282	0.777763505376425	-0.102171876073759	-0.205422691426606	-0.210200831699409	0.333333333333336
25C_E	0.2993329122973	-0.286223181762821	-0.0278661728855625	-0.702790721594631	-0.441270098767293	-0.130363186682028	-0.0840894075014106	-0.062360049818406	0.333333333333334
25C_F	0.324624523197912	-0.398084910635361	-0.240128071660545	0.615388089044925	-0.337472502991192	0.232172460392371	0.108506022779382	0.0954301954042476	0.333333333333329
32C_G	0.129460167563393	0.458529229864527	0.087768089419152	0.176014372930007	-0.0985826294884011	-0.209634760510359	-0.679652549460908	0.328028575927714	0.333333333333333
32C_H	0.158157904627395	0.36539593464385	0.149717590565863	-0.221002934781989	0.175424300736145	0.729027429033866	0.244708865282174	0.192265484711184	0.333333333333333
32C_I	0.199193294641409	0.43909946444329	0.134507597598801	0.160446105207478	-0.0643548720248204	-0.418218405784235	0.474708384026596	-0.456257711979945	0.333333333333334
